alfa: 3.07849401116
beta: 6.91024287367
km1: 5.50323368321
km2: 6.40824599665
S: 3.7079372864
Chi cuadrado menor fue de: 2.47552400282
El chi minimo se encontro en el paso: 1842

